[app/ui]
version = 8.1.0
modtime = 1582334314.821079000

[app/launcher]
version = 8.1.0
modtime = 1582334314.821897000

[views/cimple]
version = 9.0.4
modtime = 1704268317.088387000
